Report/resources/CPU_Shipping.txt
0.0	0.0
3.0	0.0
6.0	0.0
9.0	1200.0
12.0	2400.0
15.0	1200.0
18.0	2400.0
21.0	1200.0
24.0	2400.0
27.0	1200.0
30.0	1200.0
33.0	1200.0
36.0	1200.0
39.0	1200.0
42.0	2400.0
45.0	3600.0
48.0	1200.0
51.0	2400.0
54.0	1200.0
57.0	3600.0
60.0	2400.0
63.0	1200.0
66.0	2400.0
69.0	1200.0
72.0	2400.0
75.0	1200.0
78.0	1200.0
81.0	1200.0
84.0	3600.0
87.0	1200.0
90.0	1200.0
93.0	3600.0
96.0	2400.0
99.0	1200.0
102.0	2400.0
105.0	1200.0
108.0	1200.0
111.0	2400.0
114.0	1200.0
117.0	2400.0
120.0	1200.0
123.0	2400.0
126.0	1200.0
129.0	1200.0
132.0	1200.0
135.0	1200.0
138.0	1200.0
141.0	1200.0
144.0	1200.0
147.0	2400.0
150.0	1200.0
153.0	2400.0
156.0	3600.0
159.0	1200.0
162.0	1200.0
165.0	2400.0
168.0	1200.0
171.0	1200.0
174.0	3600.0
177.0	1200.0
180.0	1200.0
183.0	2400.0
186.0	2400.0
189.0	1200.0
192.0	2400.0
195.0	1200.0
198.0	1200.0
201.0	1200.0
204.0	2400.0
207.0	2400.0
210.0	1200.0
213.0	1200.0
216.0	1200.0
219.0	2400.0
222.0	1200.0
225.0	2400.0
228.0	1200.0
231.0	1200.0
234.0	2400.0
237.0	1200.0
240.0	1200.0
243.0	2400.0
246.0	1200.0
249.0	1200.0
252.0	1200.0
255.0	1200.0
258.0	2400.0
261.0	1200.0
264.0	2400.0
267.0	1200.0
270.0	2400.0
273.0	1200.0
276.0	1200.0
279.0	1200.0
282.0	1200.0
285.0	1200.0
288.0	1200.0
291.0	2400.0
294.0	1200.0
297.0	2400.0
300.0	2400.0
303.0	1200.0
306.0	1200.0
309.0	1200.0
312.0	1200.0
315.0	1200.0
318.0	1200.0
321.0	2400.0
324.0	1200.0
327.0	1200.0
330.0	1200.0
333.0	3600.0
336.0	2400.0
339.0	2400.0
342.0	2400.0
345.0	1200.0
348.0	3600.0
351.0	2400.0
354.0	1200.0
357.0	1200.0
360.0	2400.0
363.0	2400.0
366.0	1200.0
369.0	1200.0
372.0	1200.0
375.0	2400.0
378.0	1200.0
381.0	1200.0
384.0	1200.0
387.0	1200.0
390.0	1200.0
393.0	1200.0
396.0	2400.0
399.0	1200.0
402.0	2400.0
405.0	1200.0
408.0	2400.0
411.0	1200.0
414.0	3600.0
417.0	2400.0
420.0	1200.0
423.0	2400.0
426.0	1200.0
429.0	1200.0
432.0	1200.0
435.0	1200.0
438.0	1200.0
441.0	2400.0
444.0	1200.0
447.0	1200.0
450.0	1200.0
453.0	3600.0
456.0	2400.0
459.0	1200.0
462.0	3600.0
465.0	1200.0
468.0	1200.0
471.0	1200.0
474.0	1200.0
477.0	2400.0
480.0	1200.0
483.0	1200.0
486.0	1200.0
489.0	1200.0
492.0	3600.0
495.0	2400.0
498.0	2400.0
501.0	1200.0
504.0	1200.0
507.0	1200.0
510.0	3600.0
513.0	1200.0
516.0	1200.0
519.0	1200.0
522.0	2400.0
525.0	1200.0
528.0	1200.0
531.0	2400.0
534.0	2400.0
537.0	1200.0
540.0	2400.0
543.0	1200.0
546.0	1200.0
549.0	1200.0
552.0	1200.0
555.0	1200.0
558.0	2400.0
561.0	1200.0
564.0	1200.0
567.0	1200.0
570.0	2400.0
573.0	2400.0
576.0	1200.0
579.0	1200.0
582.0	1200.0
585.0	2400.0
588.0	2400.0
591.0	1200.0
594.0	1200.0
597.0	2400.0
600.0	1200.0
603.0	1200.0
606.0	2400.0
609.0	1200.0
612.0	1200.0
615.0	1200.0
618.0	2400.0
621.0	1200.0
624.0	1200.0
627.0	1200.0
630.0	1200.0
633.0	3600.0
636.0	2400.0
639.0	1200.0
642.0	1200.0
645.0	1200.0
648.0	2400.0
651.0	1200.0
654.0	2400.0
657.0	1200.0
660.0	1200.0
663.0	1200.0
666.0	1200.0
669.0	2400.0
672.0	1200.0
675.0	1200.0
678.0	1200.0
681.0	2400.0
684.0	2400.0
687.0	1200.0
690.0	1200.0
693.0	2400.0
696.0	1200.0
699.0	2400.0
702.0	2400.0
705.0	1200.0
708.0	3600.0
711.0	1200.0
714.0	1200.0
717.0	1200.0
720.0	1200.0
723.0	1200.0
726.0	3600.0
729.0	1200.0
732.0	1200.0
735.0	1200.0
738.0	2400.0
741.0	1200.0
744.0	1200.0
747.0	1200.0
750.0	1200.0
753.0	1200.0
756.0	2400.0
759.0	2400.0
762.0	1200.0
765.0	1200.0
768.0	2400.0
771.0	1200.0
774.0	1200.0
777.0	1200.0
780.0	3600.0
783.0	1200.0
786.0	2400.0
789.0	1200.0
792.0	2400.0
795.0	1200.0
798.0	1200.0
801.0	1200.0
804.0	2400.0
807.0	1200.0
810.0	1200.0
813.0	2400.0
816.0	2400.0
819.0	3600.0
822.0	1200.0
825.0	1200.0
828.0	1200.0
831.0	1200.0
834.0	1200.0
837.0	2400.0
840.0	1200.0
843.0	3600.0
846.0	2400.0
849.0	2400.0
852.0	1200.0
855.0	1200.0
858.0	1200.0
861.0	1200.0
864.0	1200.0
867.0	1200.0
870.0	1200.0
873.0	2400.0
876.0	1200.0
879.0	1200.0
882.0	1200.0
885.0	3600.0
888.0	1200.0
891.0	3600.0
894.0	2400.0
897.0	1200.0
900.0	3600.0
903.0	3600.0
906.0	2400.0
909.0	3600.0
912.0	1200.0
915.0	2400.0
918.0	1200.0
921.0	2400.0
924.0	2400.0
927.0	1200.0
930.0	2400.0
933.0	2400.0
936.0	1200.0
939.0	2400.0
942.0	1200.0
945.0	3600.0
948.0	2400.0
951.0	1200.0
954.0	2400.0
957.0	1200.0
960.0	1200.0
963.0	1200.0
966.0	1200.0
969.0	1200.0
972.0	3600.0
975.0	1200.0
978.0	3600.0
981.0	1200.0
984.0	1200.0
987.0	1200.0
990.0	1200.0
993.0	1200.0
996.0	1200.0
999.0	1200.0
1002.0	1200.0
1005.0	1200.0
1008.0	2400.0
1011.0	2400.0
1014.0	2400.0
1017.0	2400.0
1020.0	1200.0
1023.0	1200.0
1026.0	1200.0
1029.0	1200.0
1032.0	1200.0
1035.0	3600.0
1038.0	2400.0
1041.0	1200.0
1044.0	1200.0
1047.0	1200.0
1050.0	1200.0
1053.0	2400.0
1056.0	2400.0
1059.0	2400.0
1062.0	1200.0
1065.0	2400.0
1068.0	2400.0
1071.0	1200.0
1074.0	1200.0
1077.0	1200.0
1080.0	1200.0
1083.0	1200.0
1086.0	1200.0
1089.0	1200.0
1092.0	1200.0
1095.0	1200.0
1098.0	3600.0
1101.0	1200.0
1104.0	1200.0
1107.0	2400.0
1110.0	1200.0
1113.0	1200.0
1116.0	1200.0
1119.0	1200.0
1122.0	1200.0
1125.0	2400.0
1128.0	1200.0
1131.0	1200.0
1134.0	1200.0
1137.0	1200.0
1140.0	1200.0
1143.0	3600.0
1146.0	1200.0
1149.0	3600.0
1152.0	2400.0
1155.0	2400.0
1158.0	1200.0
1161.0	1200.0
1164.0	2400.0
1167.0	1200.0
1170.0	1200.0
1173.0	1200.0
1176.0	2400.0
1179.0	1200.0
1182.0	2400.0
1185.0	1200.0
1188.0	2400.0
1191.0	2400.0
1194.0	1200.0
1197.0	1200.0
1200.0	1200.0
1203.0	2400.0
1206.0	1200.0
1209.0	1200.0
1212.0	2400.0
1215.0	2400.0
1218.0	1200.0
1221.0	1200.0
1224.0	1200.0
1227.0	3600.0
1230.0	2400.0
1233.0	1200.0
1236.0	1200.0
1239.0	1200.0
1242.0	1200.0
1245.0	1200.0
1248.0	2400.0
1251.0	2400.0
1254.0	1200.0
1257.0	2400.0
1260.0	1200.0
1263.0	1200.0
1266.0	1200.0
1269.0	1200.0
1272.0	1200.0
1275.0	1200.0
1278.0	1200.0
1281.0	2400.0
1284.0	1200.0
1287.0	1200.0
1290.0	1200.0
1293.0	2400.0
1296.0	1200.0
1299.0	1200.0
1302.0	2400.0
1305.0	1200.0
1308.0	3600.0
1311.0	1200.0
1314.0	1200.0
1317.0	1200.0
1320.0	1200.0
1323.0	1200.0
1326.0	1200.0
1329.0	1200.0
1332.0	2400.0
1335.0	1200.0
1338.0	2400.0
1341.0	1200.0
1344.0	1200.0
1347.0	1200.0
1350.0	1200.0
1353.0	2400.0
1356.0	2400.0
1359.0	2400.0
1362.0	1200.0
1365.0	3600.0
1368.0	1200.0
1371.0	2400.0
1374.0	1200.0
1377.0	2400.0
1380.0	1200.0
1383.0	2400.0
1386.0	2400.0
1389.0	1200.0
1392.0	1200.0
1395.0	2400.0
1398.0	2400.0
1401.0	2400.0
1404.0	3600.0
1407.0	1200.0
1410.0	1200.0
1413.0	2400.0
1416.0	1200.0
1419.0	1200.0
1422.0	1200.0
1425.0	2400.0
1428.0	2400.0
1431.0	1200.0
1434.0	1200.0
1437.0	2400.0
1440.0	2400.0
1443.0	2400.0
1446.0	1200.0
1449.0	2400.0
1452.0	2400.0
1455.0	2400.0
1458.0	1200.0
1461.0	1200.0
1464.0	1200.0
1467.0	1200.0
1470.0	2400.0
1473.0	2400.0
1476.0	2400.0
1479.0	1200.0
1482.0	1200.0
1485.0	1200.0
1488.0	1200.0
1491.0	2400.0
1494.0	1200.0
1497.0	1200.0
