Report/resources/Instances_Order.txt
0.0	0.0
3.0	0.0
6.0	3.0
9.0	3.0
12.0	0.0
15.0	5.0
18.0	0.0
21.0	0.0
24.0	3.0
27.0	0.0
30.0	0.0
33.0	0.0
36.0	0.0
39.0	3.0
42.0	5.0
45.0	1.0
48.0	3.0
51.0	0.0
54.0	3.0
57.0	4.0
60.0	0.0
63.0	0.0
66.0	0.0
69.0	0.0
72.0	0.0
75.0	0.0
78.0	0.0
81.0	3.0
84.0	1.0
87.0	3.0
90.0	3.0
93.0	1.0
96.0	0.0
99.0	3.0
102.0	0.0
105.0	0.0
108.0	3.0
111.0	0.0
114.0	0.0
117.0	3.0
120.0	3.0
123.0	0.0
126.0	0.0
129.0	0.0
132.0	0.0
135.0	3.0
138.0	0.0
141.0	5.0
144.0	0.0
147.0	0.0
150.0	0.0
153.0	3.0
156.0	1.0
159.0	3.0
162.0	3.0
165.0	0.0
168.0	0.0
171.0	3.0
174.0	1.0
177.0	0.0
180.0	0.0
183.0	3.0
186.0	0.0
189.0	3.0
192.0	3.0
195.0	0.0
198.0	0.0
201.0	3.0
204.0	3.0
207.0	0.0
210.0	0.0
213.0	0.0
216.0	3.0
219.0	0.0
222.0	0.0
225.0	0.0
228.0	0.0
231.0	3.0
234.0	0.0
237.0	0.0
240.0	3.0
243.0	0.0
246.0	3.0
249.0	0.0
252.0	0.0
255.0	3.0
258.0	0.0
261.0	3.0
264.0	3.0
267.0	3.0
270.0	0.0
273.0	0.0
276.0	3.0
279.0	3.0
282.0	0.0
285.0	5.0
288.0	3.0
291.0	0.0
294.0	3.0
297.0	0.0
300.0	3.0
303.0	0.0
306.0	0.0
309.0	0.0
312.0	0.0
315.0	0.0
318.0	0.0
321.0	0.0
324.0	0.0
327.0	0.0
330.0	3.0
333.0	1.0
336.0	0.0
339.0	3.0
342.0	0.0
345.0	3.0
348.0	4.0
351.0	0.0
354.0	3.0
357.0	3.0
360.0	3.0
363.0	0.0
366.0	0.0
369.0	0.0
372.0	3.0
375.0	0.0
378.0	0.0
381.0	0.0
384.0	0.0
387.0	0.0
390.0	0.0
393.0	3.0
396.0	0.0
399.0	3.0
402.0	0.0
405.0	3.0
408.0	0.0
411.0	3.0
414.0	5.0
417.0	0.0
420.0	3.0
423.0	0.0
426.0	5.0
429.0	0.0
432.0	0.0
435.0	0.0
438.0	3.0
441.0	0.0
444.0	0.0
447.0	0.0
450.0	3.0
453.0	1.0
456.0	0.0
459.0	5.0
462.0	5.0
465.0	0.0
468.0	0.0
471.0	0.0
474.0	3.0
477.0	0.0
480.0	0.0
483.0	0.0
486.0	3.0
489.0	3.0
492.0	1.0
495.0	3.0
498.0	0.0
501.0	0.0
504.0	0.0
507.0	0.0
510.0	1.0
513.0	0.0
516.0	0.0
519.0	3.0
522.0	0.0
525.0	0.0
528.0	0.0
531.0	3.0
534.0	0.0
537.0	0.0
540.0	3.0
543.0	0.0
546.0	0.0
549.0	3.0
552.0	0.0
555.0	3.0
558.0	0.0
561.0	0.0
564.0	0.0
567.0	3.0
570.0	3.0
573.0	0.0
576.0	0.0
579.0	3.0
582.0	3.0
585.0	3.0
588.0	0.0
591.0	0.0
594.0	3.0
597.0	0.0
600.0	0.0
603.0	3.0
606.0	0.0
609.0	0.0
612.0	3.0
615.0	0.0
618.0	0.0
621.0	0.0
624.0	0.0
627.0	0.0
630.0	0.0
633.0	1.0
636.0	0.0
639.0	0.0
642.0	0.0
645.0	0.0
648.0	0.0
651.0	3.0
654.0	3.0
657.0	5.0
660.0	3.0
663.0	0.0
666.0	3.0
669.0	0.0
672.0	0.0
675.0	0.0
678.0	0.0
681.0	3.0
684.0	0.0
687.0	0.0
690.0	0.0
693.0	0.0
696.0	5.0
699.0	3.0
702.0	0.0
705.0	0.0
708.0	1.0
711.0	0.0
714.0	0.0
717.0	0.0
720.0	0.0
723.0	3.0
726.0	1.0
729.0	0.0
732.0	0.0
735.0	0.0
738.0	3.0
741.0	0.0
744.0	0.0
747.0	0.0
750.0	0.0
753.0	0.0
756.0	0.0
759.0	0.0
762.0	0.0
765.0	3.0
768.0	0.0
771.0	0.0
774.0	3.0
777.0	3.0
780.0	1.0
783.0	5.0
786.0	3.0
789.0	3.0
792.0	0.0
795.0	0.0
798.0	0.0
801.0	3.0
804.0	0.0
807.0	3.0
810.0	0.0
813.0	3.0
816.0	5.0
819.0	2.0
822.0	3.0
825.0	0.0
828.0	0.0
831.0	0.0
834.0	3.0
837.0	0.0
840.0	3.0
843.0	1.0
846.0	3.0
849.0	0.0
852.0	0.0
855.0	5.0
858.0	0.0
861.0	0.0
864.0	0.0
867.0	0.0
870.0	3.0
873.0	3.0
876.0	0.0
879.0	0.0
882.0	5.0
885.0	1.0
888.0	5.0
891.0	1.0
894.0	0.0
897.0	0.0
900.0	2.0
903.0	3.0
906.0	3.0
909.0	4.0
912.0	3.0
915.0	0.0
918.0	3.0
921.0	0.0
924.0	0.0
927.0	0.0
930.0	4.0
933.0	0.0
936.0	3.0
939.0	0.0
942.0	5.0
945.0	4.0
948.0	5.0
951.0	3.0
954.0	0.0
957.0	3.0
960.0	0.0
963.0	0.0
966.0	3.0
969.0	5.0
972.0	1.0
975.0	3.0
978.0	1.0
981.0	3.0
984.0	0.0
987.0	0.0
990.0	0.0
993.0	0.0
996.0	0.0
999.0	0.0
1002.0	0.0
1005.0	3.0
1008.0	0.0
1011.0	0.0
1014.0	3.0
1017.0	0.0
1020.0	0.0
1023.0	0.0
1026.0	0.0
1029.0	0.0
1032.0	3.0
1035.0	5.0
1038.0	0.0
1041.0	3.0
1044.0	0.0
1047.0	0.0
1050.0	0.0
1053.0	5.0
1056.0	3.0
1059.0	0.0
1062.0	3.0
1065.0	3.0
1068.0	5.0
1071.0	0.0
1074.0	0.0
1077.0	0.0
1080.0	0.0
1083.0	0.0
1086.0	0.0
1089.0	0.0
1092.0	3.0
1095.0	3.0
1098.0	1.0
1101.0	0.0
1104.0	5.0
1107.0	0.0
1110.0	3.0
1113.0	0.0
1116.0	3.0
1119.0	0.0
1122.0	0.0
1125.0	0.0
1128.0	0.0
1131.0	0.0
1134.0	0.0
1137.0	0.0
1140.0	0.0
1143.0	1.0
1146.0	0.0
1149.0	3.0
1152.0	3.0
1155.0	0.0
1158.0	0.0
1161.0	3.0
1164.0	0.0
1167.0	0.0
1170.0	0.0
1173.0	0.0
1176.0	0.0
1179.0	3.0
1182.0	0.0
1185.0	3.0
1188.0	0.0
1191.0	0.0
1194.0	0.0
1197.0	0.0
1200.0	0.0
1203.0	0.0
1206.0	0.0
1209.0	0.0
1212.0	3.0
1215.0	0.0
1218.0	0.0
1221.0	0.0
1224.0	3.0
1227.0	1.0
1230.0	0.0
1233.0	0.0
1236.0	0.0
1239.0	0.0
1242.0	3.0
1245.0	0.0
1248.0	3.0
1251.0	3.0
1254.0	0.0
1257.0	0.0
1260.0	0.0
1263.0	0.0
1266.0	0.0
1269.0	0.0
1272.0	0.0
1275.0	0.0
1278.0	3.0
1281.0	0.0
1284.0	0.0
1287.0	0.0
1290.0	0.0
1293.0	0.0
1296.0	0.0
1299.0	3.0
1302.0	0.0
1305.0	3.0
1308.0	1.0
1311.0	0.0
1314.0	0.0
1317.0	3.0
1320.0	0.0
1323.0	0.0
1326.0	0.0
1329.0	0.0
1332.0	0.0
1335.0	3.0
1338.0	0.0
1341.0	0.0
1344.0	0.0
1347.0	0.0
1350.0	3.0
1353.0	3.0
1356.0	0.0
1359.0	0.0
1362.0	5.0
1365.0	0.0
1368.0	3.0
1371.0	3.0
1374.0	3.0
1377.0	0.0
1380.0	0.0
1383.0	3.0
1386.0	0.0
1389.0	0.0
1392.0	3.0
1395.0	4.0
1398.0	3.0
1401.0	3.0
1404.0	1.0
1407.0	3.0
1410.0	0.0
1413.0	0.0
1416.0	0.0
1419.0	0.0
1422.0	0.0
1425.0	5.0
1428.0	1.0
1431.0	0.0
1434.0	0.0
1437.0	3.0
1440.0	3.0
1443.0	0.0
1446.0	3.0
1449.0	0.0
1452.0	3.0
1455.0	0.0
1458.0	0.0
1461.0	0.0
1464.0	0.0
1467.0	0.0
1470.0	3.0
1473.0	3.0
1476.0	0.0
1479.0	3.0
1482.0	3.0
1485.0	0.0
1488.0	0.0
1491.0	3.0
1494.0	0.0
1497.0	0.0
